020139201 56 aca02dn	1
020139337 69 aca02avb	7
020140355 51 ela02cwm	3
020159782 40 eca02shh	6
020162793 37 pma02asr	6
020167570 47 aca02pjo	3
030111352 40 apa03jam	10
030111411 42 apa03db	9
030111422 33 apa03rjk	4
030115453 21 chb03jb	5
030115615 44 cha03cam	8
030115626 79 cha03seh	9
030115637 76 cha03sf	10
030115659 45 cha03ng	9
030116140 36 aca03kdf	4
030116209 50 aca03cat	7
030116634 40 aca03sp	6
030116667 58 aca03km	10
030118845 12 ecb03dar	7
030119266 53 eca03cmo	9
030122738 71 gga03bwm	8
030122761 67 gga03vel	8
030141681 27 eca03jll	6
030141692 65 eca03ri	7
030141728 22 eca03wyt	7
030141751 30 eca03ahc	6
030141773 46 ecb03cjg	9
030141795 38 eca03ter	4
030141809 47 eca03am	7
030141865 65 eca03jln	9
030144110 81 pma03djs	10
030144143 71 pma03mes	9
030144213 55 pma03spb	6
030144279 47 pma03cil	9
030144291 30 pma03kk	8
030144305 67 pma03adg	9
030144349 40 pma03afb	8
030144350 34 pma03ag	9
030144372 24 pma03ij	5
030144442 48 pma03tmm	4
030144475 25 pma03jrc	8
030145195 67 poa03kpl	9
030147960 45 sma03dhp	4
030149964 25 aca03iof	4
030153259 22 pma03goe	2
030153260 08 pma03hmd	4
030180864 26 ecb03pp	5
030191158 15 eca03rtp	2
030191170 67 chb03fp	10
030116656 59 aca03faw	10
030115590 36 cha03art	8
030144154 64 pma03mjb	10

030144408 77 pma03nkw	9
020160456 43 eca02cd	7
020162988 43 pma02mjd	8
020163402 67 eca02si	9
020172264 61 pma02ajr	4
030111396 35 apa03ral	9
030111433 33 apa03tw	9
030115648 40 cha03pon	7
030116564 46 aca03kcg	9
030116575 69 aca03rlm	9
030116623 31 aca03pc	8
030118498 27 ecb03sk	3
030118856 29 eca03jf	6
030119288 18 eca03lsp	6
030139769 70 eca03dbd	4
030141739 59 eca03glw	10
030141762 34 ecb03ps	7
030141810 45 eca03peh	7
030141832 52 eca03amm	7
030141854 39 eca03lm	4
030144121 56 pma03jal	7
030144165 77 pma03alb	8
030144176 51 pma03mdc	7
030144224 29 pma03lc	1
030144246 35 pma03rjl	6
030144257 47 pma03ky	9
030144268 79 pma03clj	10
030144280 51 pma03djt	9
030144420 86 pma03shl	10
030144453 76 pma03map	9
030144464 83 pma03rkr	9
030144501 24 pma03rcc	8
030144523 46 pma03rc	7
030144534 51 pma03ng	5
030144545 71 pma03kev	8
030147959 63 sma03ggh	7
030148107 35 tra03lr	6
030149702 49 cha03kt	9
030152447 74 eca03xcc	10
030152469 26 eca03aq	4
030153226 46 pma03fq	4
030153271 41 pma03ab	8
030178344 25 pma03rls	5
030181850 68 pha03rjm	9
030186442 14 eca03nw	5
030191033 18 aca03tst	5
030195983 29 pma03sdr	8
030196005 35 sma03cdb	5
030198571 23 pma03drl	3
030304633 68 ecb03tw	9

020134066 43 apa02cdn	6
020156655 40 mea02ps	3
020170983 76 mda02jjw	9
020172242 20 pma02ml	2
020172286 59 pma02gwc	4
020179610 49 pma02ch	4
030111374 76 apa03pc	8
030111385 54 apa03mp	7
030111400 38 apa03md	8
030114744 41 chb03ar	0
030115109 49 cha03jrw	7
030115143 28 cha03rah	7
030116069 26 aca03cg	0
030116519 37 aca03is	10
030116645 49 aca03db	5
030118823 31 eca03dk	6
030120170 24 ega03adw	7
030121937 15 fra03njb	6
030122163 71 gga03ch	9
030141223 14 eca03njm	3
030141658 48 eca03clr	6
030141669 16 eca03djl	4
030141670 40 eca03jp	5
030141740 78 eca03mlt	10
030141784 12 eca03cw	5
030141821 42 eca03heb	4
030141843 55 eca03gs	10
030141876 58 eca03gvt	9
030143065 26 mua03jrl	8
030143940 35 pha03ajs	3
030144039 75 pha03th	10
030144132 86 pma03dtl	10
030144235 58 pma03hdw	6
030144327 68 pma03aa	6
030144338 42 pma03cac	5
030144361 57 pma03sjw	9
030144394 83 pma03las	8
030144419 52 pma03mb	9
030144431 85 pma03sjr	10
030149931 11 aca03gb	6
030150546 52 eca03lje	7
030150856 48 gga03rpd	9
030152403 44 eca03ekd	5
030153282 28 pma03cn	6
030177613 65 pha03ree	7
030177657 30 apa03jw	4
030180853 34 eca03raw	0
030180886 15 eca03ejh	5
030181425 55 eca03ty	8
030189258 60 ecb03lw	7
030193082 53 aca03fb	9
030300576 24 ecb03smc	9

030122657 24 gga03jah	8
020135373 67 ara02ajm	4
020159829 27 eca02rj	7
020163099 42 pma02at	6
030114939 12 cha03pjb	7
030115589 48 cha03sdl	6
030115604 26 cha03adj	3
030116542 38 aca03mjh	7
030118834 26 ecb03mjd	7
030119244 19 eca03wx	4
030122749 26 gga03ejr	7
030141717 53 eca03ckc	6
030144006 80 pha03rh	7
030144084 66 pma03lcr	8
030144095 82 pma03kls	9
030144109 75 pma03bdy	8
030144187 26 pma03kcb	3
030144198 52 pma03sc	4
030144316 56 pma03mrc	9
030144486 52 pma03par	8
030144512 51 pma03dlm	4
030150535 25 eca03klm	4
030153237 51 pma03rdk	6
030189340 44 eca03jcb	9

